30284449
23922797
36880297
36964009
158802394
14065981
34297914
36957232
295863836
132240374
37954510
30063861
36882692
36881133
36964818
14247572
36955564
227682918
25813998
100731315
83638901
20281416
17625154
461219840
336039467
576520016
372390671
29295613
22926365
133052366
337844940
19347202
16191278
245492384
116559622
52032722
33884545
66591836
790728
552548889
1602044551
112490345
41663511
234402376
273969007
3577755135
217150116
26528121
418791562
277010391
621150853
87527900
303923391
49796166
27639378
41847726
82689705
23970102
733708079728975872
15937533
23123824
20147730
18282010
15726324
17870319
30847736
16193528
118720645
14173315
50611261
620136960
15949696
753385398718521344
21225135
19273804
12469012
240265305
459277523
9633802
1433356862
145862542
14796038
40227292
21312961
441389311
1192686992
19232587
397672819
1731731006
380285402
33201624
23482952
81986272
33533010
43910684
90614279
803742214811623424
15210284
1596835069
480569368
71321874
163927728
523211135
174574802
25334900
397291925
18993741
36190699
245407446
25067168
296005306
185817496
8105922
171636258
141584822
18949452
35002876
145213073
17487795
14987451
410216127
14613514
7679392
56413858
498991565
177941018
39540130
14801219
852268453817962496
314005753
65480056
18396319
762231576
351684372
16929600
2244340904
19362299
19889168
237619547
110771229
20094138
193042922
15746839
7587032
17998609
104673579
10451602
18094696
35777570
15738935
19417492
303304612
31158841
14980820
119456609
216739115
16745015
415851069
28373820
1694596596
9130702
15164565
12133382
750042456671084544
22051757
7309052
17158510
53114618
41156599
15535860
268213306
255455960
149954544
18219976
3301029022
18185862
2264624702
216289357
851436498
62518039
202985146
23995748
156275320
18759580
14606079
32494489
798790051
17091862
4114871654
21328656
14493047
18424289
15279429
19396560
17509945
249001732
13918492
153586491
74400823
1903712426
110522065
62243812
17546958
4180260695
333411028
418991627
23999515
14437914
25146372
15391102
386175131
28361130
14138785
45013575
41481366
43852658
1396151678
35790963
109488235
26860506
1209936918
16561457
817049481141252096
245687754
466570757
18510860
34379992
14276734
13829772
27741349
1002615974
152142811
20545835
383112039
1588169984
8460572
108327492
213591116
15210410
16044997
16423253
26729931
116387548
73392641
15446773
3434177986
32836955
282622234
11611052
3305610617
149030786
39308549
105082141
18650093
14790432
22029071
18148907
2250858631
556842058
58544863
1133087436
16977023
2188449788
56644534
2712970962
501253480
5695632
104146203
237314178
331803536
6134882
42950839
2196132265
57350105
37989800
20449296
4824021381
72591229
95506425
14776670
2416106558
2481602246
1184679056
31577674
16016427
3165393827
19050000
318629482
1307809273
1020058453
562773398
326699466
102789361
21313855
31098756
139909832
487118986
12848262
26307302
40924038
26489325
720664083767435264
29958928
2375533844
326698989
15361185
252393635
216795782
1630896181
15369049
1341917431
29952250
20610995
349303517
14412844
2723498863
76511168
208413101
113545480
741343677465890816
18956073
16477702
2789298739
20182089
1245699895
2415135272
722795684496158720
14717197
3481182319
73190286
476213099
121817564
22042454
25049056
255455212
20230015
25589776
4484922880
14692385
15905198
49969238
914032332
10880202
19918986
60613480
14897840
3290364847
16509580
50360725
805780479496568832
185759513
23382447
17906632
1947301
19795822
5392522
486811871
34305774
9979202
20006234
1322420269
55355654
16714896
2180919026
338985020
203123011
2176995662
43092938
29479859
107199576
117629272
35773039
7174972
6576492
1665514478
111651896
2097571
23618466
2372045940
573918122
103821088
191477653
339825421
1171473138
533309487
113259902
20728061
246080041
34713362
26028938
19794121
16042794
180664850
2289877968
33360563
17066782
15965292
19701628
606625638
33726864
104237736
2572250028
15147042
7998482
16034244
744782119
43355844
17233335
169480493
176842974
23448455
24665133
2583983234
40076725
487833518
1490906214
1961103174
17965092
26526042
74453123
143383314
35977487
67654599
16676396
106816456
9706822
85359093
21718571
19247844
14835160
31444568
29097819
26755480
14050550
24273149
117109734
16012783
19034656
195726858
14637199
303862998
14705027
45893454
198829810
34927577
800707492346924928
90649160
104509652
14136293
95687597
15675138
26333067
20713331
29423680
162148752
457984599
23243934
26329195
226299107
103637045
50368464
26792275
12413032
17230113
15129603
21795790
27939908
24362769
2657559384
75226445
22484884
36192396
206209833
70749114
66603988
145297595
173999061
55018922
15428256
2797763208
47562921
36775022
11263532
605178330
46671396
22240612
334053327
1630979022
94391895
16935292
344864408
16013028
186755547
546029429
185809250
2361224263
14584903
17810254
771388593130483712
2352223932
86640232
312800783
16469809
2673523800
719972682322853888
50113613
27073265
19079396
101896529
19489239
1408003598
890891
121537720
30835585
13783772
34681960
944467345
108204138
57741304
7402662
14372486
5971922
22677427
34262462
626533732
16760131
15169907
574801561
14955353
525746551
12804312
2374466929
1877831
15918708
2216041938
18959163
918169628
760501643590963200
8841372
3174214732
250556430
131935861
17038090
2882152233
432557320
266715173
2813605170
16439471
171154131
1872590082
14089195
4509306615
838868776292601728
66809470
14345778
80678758
16467567
216759733
731132367058968448
22208192
136361303
6017542
1176994477
3031345253
16715398
16045268
2409392576
1947084786
547860279
783719151684685824
539965863
13784592
158007643
14858000
14773982
182503471
19564105
2561597334
19546277
1612526749
346603302
22811188
786764
1372456243
2890961
26585095
2835886194
15764001
2735591
1114319616
16367286
23112236
69329527
353225544
1733274007
25098482
571202103
270508448
474464413
335455570
5402612
17112878
61220477
22783783
773100678
56510427
2317351705
88007912
428333
28254715
8192222
575712418
219343808
149180925
20455625
1449807024
14245378
793442243734544384
18025557
19923638
16686144
15846407
182107650
851108442
106542267
281582764
14885860
26257166
20150502
9234352
18234041
46447972
260329484
14622091
12055942
15922214
151562080
26730532
2202615703
459528590
160667346
1656091255
552831446
896538924
14385076
14089276
42237444
72676383
16297945
17947097
50144015
20267772
53436443
51370388
14662354
12699932
176855088
69657741
58789743
21551945
2218353349
163587353
818040343
14836971
97030466
2221841437
17448662
147658618
100859367
346676115
556059315
183406000
58806088
44200674
622066615
2559460764
20538284
63767771
342954875
116888471
7511312
16551172
33609668
30594847
16890008
62618311
725986314
7227042
1267327508
309762174
58366671
20687458
20553814
231918342
12763982
19410993
18004786
40085795
868727474
65429553
478807623
21665565
17487820
20073589
86178449
14192680
31513759
52884959
42950890
22571200
313344689
175082708
792058728
78111823
19711438
155956694
23025311
305075576
21031034
104292181
65669674
20941458
312143117
15896072
16876049
82103906
27114180
36967877
42022705
17301273
1011901
16030899
34990906
52592210
30017628
28205339
194652706
17871626
76431341
24745038
15723995
15723281
386742828
21683908
15905103
20562637
25562002
288304848
365603329
50715793
4439167096
3086975121
200542610
3016071993
1472962208
16051471
478174898
21114659
21701757
2459771455
992798107
14345062
87968068
1222018640
85634177
2768501
324962560
135579990
14856665
11178902
10774652
702881258641051648
8170292
90438475
48037533
372862603
21918310
290061912
7228682
40260612
47436923
3044867175
540951393
45565185
88738382
726088145180217344
14921083
17912982
14345812
455764741
14425965
116099364
15109516
119829799
14848798
384438102
57675435
25545091
19658826
19416225
1606535112
2822386230
3257040068
24619328
2149414262
817386
133872807
97739866
16250929
2494305446
19011374
19740592
1477949676
15696616
27029537
186613457
23818581
103896637
205864193
34996738
2865152327
372754427
24216951
17471979
158414847
1947265657
29465136
252230516
816653
132493630
1927775408
18220630
263970953
1458707334
16955991
7744592
15513604
817822089319161728
14434063
14539324
14669951
28652194
1433652877
248875331
25562183
185376376
14602259
15295015
390689930
15108530
14780915
14980903
42958829
11856892
236891946
16405372
15309804
564111558
18391051
47954642
450941680
17134268
373490841
16299627
249951302
14345759
3972990909
16955870
15651634
15723290
2347049341
18812572
743155123258531840
18767699
16334857
21272440
13115682
20508720
14856348
130268681
21118985
2836941830
15307378
63781564
32007346
17197344
36511031
824805000085852160
8953122
742143
16311797
69620713
3386439610
2777123581
15923226
15862891
2303751216
27027979
205392468
15438913
1548489476
22650211
846354889819279360
2312829909
780330724557742080
207660339
34613951
86141342
1447394395
1876533962
118809455
18315720
8861182
26845764
16808289
119480839
25505788
39793454
500989749
56531782
8862532
34991792
19075308
523517226
21344229
569205703
20592545
88107741
16834101
16534226
26529088
4745201
20797283
46146563
32478637
17367189
2332132615
15764921
44393729
21348287
29209295
161338932
33897176
303919703
111080388
33592330
634491297
52461655
329948076
1487838944
16166076
28135853
3292118419
24247996
59137509
30582302
1854697670
27952027
31120198
19958805
20592292
15247163
16746088
69140746
320961515
58987862
17870329
91374978
17327335
19400588
182914728
37479195
584247111
349240894
581205711
16639736
14495726
36708793
19405507
15926431
256684637
20592446
21455084
14304170
241622603
346760431
15723911
17243809
582097169
171482928
67451138
48797197
36768094
1728939649
44384307
223935500
10685542
41463945
577206898
18647970
119404374
31567003
19792502
185340210
17088476
20008214
3053471913
69377936
18562065
24213168
312415773
48788280
25082438
84370843
1255082786
128258568
461404659
65654009
24181273
376992537
15945641
134788787
3191795759
166595312
21874587
15085181
19364233
87818432
23628802
556235686
730219313064448000
15984115
97622779
20520192
18784030
103134591
18256822
322748979
65727099
17041697
30042396
14923012
25147932
9311472
6894852
38023553
762764516
165571907
57720546
26518175
565213710
20496846
22874714
370914933
15345320
24004213
76753997
24214013
18955124
103914711
22528819
14882842
17446277
38120609
83858948
115698155
20165195
56113927
84327770
103056533
16312540
21218607
91478624
329830871
873890852
14616304
13657922
19206905
91086406
309202927
56834815
176481540
14391192
17353026
9164672
17001533
77280809
24033318
27949016
26262890
22217634
13783152
29509437
342831748
556388515
20477029
16583845
59576823
458111726
290798785
7684882
146237229
25375420
61321048
87033578
123351802
23564573
38252658
27218535
67687282
48754487
15537227
17891794
760764523
29466736
746026706
12615582
16877611
22032260
13213122
254117355
275686563
12880222
768519274931642240
16579249
2411176891
299802277
62807483
7215512
15113571
18805644
28221296
34740650
44660449
2969760609
14221917
13787352
24816848
34310801
1375289149
18935711
28370738
1117836660
39000115
16929520
60628575
227837742
923263237
15865878
16994529
9721292
8936082
253632910
233474545
97232128
18810895
63799920
90500349
173948255
278644764
29825057
132364309
259280207
21602955
596738953
185922266
15344849
67065673
328834734
35878291
80188923
198566842
18132494
219380258
762661016
17519427
128335122
846002108
619668289
1007254370
35804289
30239668
36406095
97801777
39341752
16831293
29212669
8980312
18453902
14531956
158192819
28457505
27093830
72151088
38601490
226202255
2515368705
289511993
2696658584
92312368
18513241
472323244
762682232
23092822
126424795
48388653
19403608
41171271
19303275
4898091
39114551
8859092
216794222
34437253
17446621
11707792
18012631
15458277
774482057598754816
228591530
191699093
1525051118
43983462
824831006796574720
19005345
20512928
34591573
33055408
183422908
20212140
19414861
40432723
105544125
17718497
24693169
36765616
35737246
18703718
55604811
15005770
762677719
19560636
552016600
14293310
21329520
714764250
531382943
48143346
227386410
25122673
17525171
36978283
30215703
540352897
8737662
19082263
21917202
17288548
341639834
11853712
19347884
52784231
119199449
16638552
299684943
6942422
121820535
78525505
50000303
67353799
72646689
13179562
15754281
44439772
14887893
17490662
3934221
8249832
18472450
19312573
55613102
2884771
24790910
12334212
16104602
583819900
20629957
15838036
47010452
18635613
24221330
1344951
169699740
68432208
39028324
52239739
37714326
287327308
210975338
123577047
25354366
70567895
33902769
2367911
19022786
35058064
615269404
84387008
17135038
249744932
82702547
24769236
16725341
15752446
20607098
36198016
38295334
263701385
20522831
20323661
22079341
58577939
105855482
16007481
33936298
1081459807
359938102
3170860074
10681662
19917537
14075928
186060772
284744896
97281902
23110148
23919582
148878245
21780652
25324521
18365574
16076533
50811066
14114267
15050354
204473453
17815585
314550535
14276094
14273050
31024318
23053482
16408067
108520811
28172454
112781504
18995454
2399106745
20078382
9317502
541060226
361019625
16954081
2794260316
73181443
110804913
24940286
115116795
388489227
26577021
14178003
30929763
23696276
295937751
29840205
53408960
1609324886
46745246
15845694
21300851
17595745
27946710
140628376
406598119
245927681
378669161
14399160
17967025
33264843
53114544
69101763
120653125
40919594
17161751
17049486
16144644
16084829
14677919
148845723
304030991
17052001
20593255
831526114954723328
151567874
26656498
16868098
16687236
21677265
48427906
13877002
9971552
2992751
31592058
19675112
117488834
42888846
3187365172
262253921
43805270
46843604
36515795
18917501
14238142
281657680
148640705
95929092
24769862
31017619
23632864
141197238
10424112
14676527
58808618
609142275
1238181170
3040402092
48382055
3458832856
30047641
191124644
25136092
18817538
44458565
22018889
50003448
407787297
18263820
17366527
66512350
3187455971
15572679
25350267
141198415
93963954
28867307
292510775
243378679
29815112
17763893
1058562577
184975309
25549003
474297689
194666789
28614262
33512387
16233017
322838550
29447487
35795271
22283862
20463615
21317486
47234908
8685652
154037834
50426819
28992215
90304839
14334727
21316821
11054902
1048609021
3127972377
33086126
1183661370
8795782
222132843
468893003
19714997
15358759
461742914
36968949
40665170
409590102
18023647
187327580
7782542
27703934
405040895
14437161
19344401
784962926306144128
19624983
63314984
1917731
2242838708
14307764
169922143
35016478
78089653
25127854
216871585
517686420
3995172382
9690012
1020260742
13436572
47473766
41825409
42771391
11058482
43178691
14467460
26061792
32533893
15907432
197543708
173880129
277105015
234904800
34956567
33678751
15907207
116275809
78384267
1205297323
19209569
288659231
94004105
26299437
20592194
146512477
58497343
25119273
20178548
12921612
21311422
120504806
16796483
50138727
27067098
52887365
15484056
303855296
19612617
53173353
22034448
331370862
24506246
16544024
36783369
14247195
11988052
17026617
14527393
2382160040
81589314
91421011
22577512
65642163
303857589
29442775
20574361
19512380
21348416
23764675
128936003
54941379
69956281
106642224
18776869
50160963
10508912
24802436
23499427
24878216
314747252
44513878
18198403
23494584
19735075
156736806
20269833
18997745
356941254
37874853
46161885
19923351
18953338
43405364
3043601188
17869846
13482642
16882281
244594745
17676713
7996082
51781039
348332871
47575230
2711336076
395388847
592490041
16343974
6107422
28148994
16309943
17381131
564695894
40954616
58524142
20796192
18228308
19773907
15385717
102748292
1301273910
525785643
114508061
47228998
2535779797
1025185082
17443274
169196719
1339212409
634053957
2957248827
111420986
23343960
15084853
16675569
14838763
15427985
551209208
20092721
613807562
22736351
8983922
18730191
20604874
25217965
201462908
12807732
31937109
39099567
12762342
26116513
156741150
17137987
86197080
632288741
376958549
1596579416
125405301
41396811
39608477
249042889
55667299
26283568
43404286
545238236
31941306
158536972
64920301
59896901
87750224
602922910
16514376
633185507
10648962
73459028
19774465
7393552
45609753
20545650
2873796810
28623166
291862073
16230239
124512243
972255798
15937164
18062553
35768528
16594153
222591341
234088546
20521204
76453806
16407618
30090092
23785621
61293243
12811952
620541682
908645388
104389564
69058175
17451031
557350188
471990351
12952842
29468502
760664437
20104506
17998717
17131180
14304462
24214113
111679404
44458614
462332278
8754862
19084580
508249806
26403494
762701472
14085040
56833229
551454219
52161492
26349151
66830461
2424223741
624983768
28206743
15230705
760785061
20944400
14873724
313045596
75375556
123673439
19349897
26849724
15428666
2996369957
3873050712
15079397
55673506
198252388
30928281
48864323
318868552
27887643
11965052
20977427
117846041
817973234
14352556
82196959
89058215
177299648
354592803
50756631
30068171
124558409
194437453
23093824
16255892
24296023
343456965
38473607
121197954
15099017
432933895
17007478
163869897
14953733
43985046
303925015
16910966
52413502
108343857
18607241
287452769
34982802
607296367
122416920
55391476
19350567
33672991
64748862
54946441
2612653224
12794062
88928040
154160994
1344672535
26161769
26436410
20595712
966759138
18866918
107102178
210853986
57436246
2834111727
402283140
980965195
27978630
17889684
26937936
836120630
281715255
20502811
48371608
183367628
10045512
19715741
16258543
41430880
540837497
15021918
114494322
447716263
285349143
9830752
21426656
15342142
462164269
146457290
43231142
191216971
248963045
2760455022
59155900
824014742
235331818
73392981
152017960
69330711
380971577
228882014
325902731
67429281
18202079
378349613
20503392
15850444
43051091
369327961
31124797
17190812
35862157
18032007
19205546
14448110
20503110
1325880258
6573302
26074743
1135338408
32407848
61551188
20939346
47201290
823993891
16621190
63610971
54972485
214633692
16117930
62546305
501990563
17095956
15615783
555318368
168694077
115173752
556051365
14790192
555354721
25690764
82274262
3161363832
3186979656
555997210
37381846
38523983
379153641
74183291
14337705
33073321
38489521
54930042
5692542
1965108474
2505428408
26188631
24189296
36175409
17169453
25979455
15428707
21408400
14875771
106625234
32201814
33989170
35432497
99146492
19604157
5715752
249279773
14555303
15448383
979174303
49475767
454226041
380373855
15928094
188491595
594934011
3103641
21099756
323265833
40043352
19738517
276494052
2269115840
58495096
609933921
8854622
8736882
58504073
124207903
58792637
101897967
250886182
58541611
14765253
16442020
594843477
415662798
58875918
244041978
14525878
77696645
30597494
125462335
41188203
1579258074
8720562
58498428
24221415
2434317636
1284062263
55186601
547131156
18047862
27520861
21915685
15928002
19072146
541009321
68440549
395218906
273222121
3197817480
19919055
39272223
555490260
67396553
360051634
41376744
20501682
1424313913
29002781
2709716292
18948923
567583953
3016027733
362103794
18206547
370182075
41682366
364283064
42316036
1712870203
199460614
18384904
555396947
316178357
249380354
124506252
77537626
16739340
71625544
20197615
19811171
24037404
33676743
473270040
135957086
370364693
24942387
20592368
13973442
15679641
54941553
29482764
18005124
17070689
16713771
233990278
36393142
8940342
151119570
252299612
314066265
1018921
26661828
16028049
48835319
16300576
221582222
25158417
295424059
15427690
318601384
546997606
16875261
2541626365
23689559
164306734
821994672
33927246
16635859
19408436
1195396854
288839573
20163708
285065118
353277920
1702360633
112863282
56550575
102437332
604601964
18322507
71305435
28568173
282443024
16203795
257228064
155634922
1089578102
56561189
1205716489
8935172
57108546
16370927
26270132
23141800
124555109
42952359
1096139192
10680632
1688758134
17063785
52447679
125839201
21057999
37012909
14689197
54639906
69311674
262933830
167927220
15093279
15063278
74168324
19363575
378196015
205370026
4704504988
103743790
179709591
134270579
58822821
17371435
245569482
60326749
1355299436
377018070
444024345
60734964
364964174
27884326
58560108
41691265
12135452
25560065
78667209
2892471569
392946797
23113205
94599930
63771187
14078728
16675413
43431533
16491683
17644000
2759800778
19175815
193139668
77312280
1098664896
91043284
50767888
75382418
41466295
989912449
63770032
313299237
14709647
99430767
28364745
48787554
15369276
304032876
517806167
351329310
303851879
2163459276
192788396
19785620
3305035947
154634714
29212306
6597892
19664134
31444869
40119039
19350079
26435878
266192983
627593761
45960001
8756502
28522270
275124948
741843323019657216
156408784
17136814
827421763
144904461
19366646
197427353
214667066
3386149024
326401304
94639905
104247826
66913926
15099229
368424475
63768590
46196849
128367623
1650579692
16365305
57678023
118199829
15787714
75629256
15535842
821904282
316564839
31221706
20088983
14358491
20503616
2194427792
25165225
28574539
24445203
37004385
277003928
16726367
16351278
38606834
43051623
15101583
1954785228
158495049
65509294
21318168
59154931
555951991
1655948227
221855426
27728235
34093588
16018278
111434409
2294905464
21170159
256604719
17147393
46674564
53584356
43398287
25764805
22222604
20539306
18197612
45264807
188810664
248368867
44991444
75298885
393451707
11777302
31260535
18945939
65718456
59481479
31120467
2396478536
59139892
1344386184
36685326
65438112
324212567
29851728
22029314
27693260
18842256
32569346
91153522
31499478
17761450
21981237
18768997
16798764
90775118
44258200
18362692
26233680
26958631
40351798
2876884384
7591102
5752542
93739594
23108538
20657565
55473790
69364832
334863894
22546784
29832457
17487196
1287220969
16289168
19040246
31482567
22194306
36498374
20700623
99147636
49713826
55673466
2541744122
45003438
15853821
24184181
21038155
50361393
28899666
7406262
285736926
15689607
211539279
58524891
70984230
2534014316
18639958
17502336
619278290
1433610966
17872554
117091842
175487635
31460417
58791130
429040754
83613487
18953819
18457851
61877887
2290154384
15673261
40561493
58851068
58529506
28489820
21004741
208650694
1079877763
2456878704
264388014
16825847
68460567
140208481
15627208
245638510
37007849
27715037
2572491208
50728664
79281135
490456820
736668061
15738599
309239718
18514970
102556875
16141413
9802132
82943769
24094444
37663094
101341950
18169582
26996798
89550207
13062472
35583342
581226573
16114093
319307712
3041495742
57746352
110603157
27582945
9763482
3465122062
2203359480
24060652
818496265
17907697
112772431
23890834
20522509
25165569
15731856
921945348
507600771
17630125
340344751
1337427558
17874823
72694635
246071010
620260412
17469289
73001785
499016441
56410041
930441270
17022537
87195753
73290282
23274006
386163434
369543400
89711932
165807088
24905968
18938376
245174381
2317613323
754353663083155328
336002906
45564482
849957800
14693499
15583586
20592139
15725863
25581369
180412944
26235267
2530719373
10374542
8731922
515674346
2409213534
3122552037
15436545
17230832
12902502
97637721
204306575
51866073
175386307
191461850
29773854
17762564
51646419
48493886
50733937
252699061
41042838
12831882
1932714150
166207963
24189508
1091168779
506456004
23082808
2830335926
106640569
22099734
12804832
15564749
594822593
19657736
78404156
267262609
1250346146
14354091
462954843
4736734115
16562479
23782016
73181180
15263608
114927225
273602537
390358946
17296853
172176867
14872404
41418745
29218765
67003469
20611494
18958586
16641565
172860953
12039612
1058197038
67328093
29498629
229085708
16563214
69434349
24713010
108673798
43633875
59540932
15291183
203079166
1216644037
15431914
1585840140
151140635
423749259
155742125
594909750
26054340
22526810
43708461
22550843
14941706
14311436
22059385
63363893
55313263
18727106
1624202936
22049155
156632093
14334312
27863115
71141734
122138862
351895654
318550411
368146818
37976051
348562707
118814073
1374734084
1345376881
21226437
436869986
64448274
67417437
937600154
20165998
88002682
16926081
488518369
33922483
161036263
15346572
28631662
88712640
43950445
24011759
17429521
48732959
19777553
39510268
122575134
124161387
16926310
40018496
36528086
107116645
67374305
42887480
15568127
263349357
73181867
14095883
58791847
58792174
38477406
19413813
32264744
78957670
87215237
272020103
34985745
38460940
23490604
34543494
15688704
58500450
50409375
135137503
25571825
77053795
1969244588
1945474574
15763558
22795270
52568067
58824655
407835614
44497416
198518114
18245880
111373879
21319429
23802446
59237559
58540567
19608272
109469773
266586168
24209004
73179801
27543107
50291714
20732804
14076171
21412739
16116116
619273364
19349613
34543098
113681005
27989791
402945604
47974129
17498747
22820891
15062527
47431897
240497813
2291757392
23987282
61078471
10191572
17597919
154531535
15428069
136326597
762162194
24295890
33619524
21608414
31435635
4779371491
243334319
33035364
19403006
180578566
16782091
15427899
74796290
31208436
75121860
24293140
44904935
15753241
8695932
15515188
69658524
194235340
35771004
372900641
23783609
10657272
169489519
126038319
147693223
2392204371
19536655
260856441
26285770
269966108
102457779
69378571
1936021843
106462350
142672722
15904273
168790068
629084096
35771864
3460735287
16667591
438086909
97323034
264383053
158355136
234030792
2528018029
17546776
252801194
2792435567
1124052601
21316568
122937367
24937222
2349961167
68760150
18393987
18556537
61228023
59188604
21307882
1278899330
22707076
12568062
32211324
24293800
77301563
19187765
115478978
13210422
764169732
293063251
21243049
2841160223
14849240
75010991
17488749
45545345
75400450
19350375
16249481
30267926
130872315
1372390200
227468283
18921549
14857971
74479578
34055841
75108589
18859160
26085979
54096440
20890143
28594128
94593143
353756227
30109259
346585900
264140864
775239046305976320
577123847
356374174
59487038
29737277
595711658
62602965
1931436277
354692625
23392933
1109839831
12810582
37950362
49980429
1934599051
580037830
40347717
17966185
546152004
15370333
468745733
59152250
1528151036
86960390
2450275111
1531551674
2927641922
15441117
37951487
346986012
31006356
23258634
242594373
44293831
29539256
17448965
38261393
24610862
2339699719
463652608
565071949
78422390
22545364
196787832
14864435
37952291
517817437
556305526
136710052
18462118
20593650
980944046
605569140
1009728108
17953793
29483304
19037491
2333871108
73396936
164876970
42978609
3303239733
63780009
111995835
89680611
21437452
20624061
340361741
24066714
1454418326
260762878
21158274
1208599058
28644072
48486479
20593576
48747323
65736329
1002361219
26040532
126387964
15428725
508920329
15429115
111430857
896539556
386595854
22049403
50053152
1004589937
17910020
633304248
115492293
633217791
14096094
197134056
17348525
20593149
399460871
3438906494
2842646870
39521840
15429080
39589561
749348671
3345895018
20592709
14600977
70672152
115671438
22027252
1377404953
29519974
2877099849
381261124
22299333
16102785
78993780
2496468475
233698422
15650827
19345587
1038159361
50162833
249845334
152908024
412394604
15427417
11339192
14144549
19304488
39580590
2767556450
39756805
20823691
3261818053
15429154
58542800
52159305
15224302
94449191
248812885
2364303576
19413479
20593413
15427925
3431840823
87526792
15427561
16099818
3127693016
14384452
26005689
19924057
299738180
24068888
28572823
177330305
16019697
79088927
117532371
62819900
3126846325
14461836
3130664118
795475022714404864
17204800
240818975
21221304
22820146
23013488
485052236
564801305
17802205
11877492
3447483148
552962943
188168117
59589510
90914191
18832202
16151929
476173499
14909815
19609379
2836839804
501045556
62964501
118770011
501087785
20524105
24751297
52615810
22527376
102751218
188092582
22818567
240816365
22811921
234043377
321127180
415765397
183861840
180638409
9252172
1911448584
45454144
14179819
193359615
315895033
390352202
21021385
274635260
2321100152
146558810
469426208
111040198
426311507
132743559
242351948
1367789960
39790757
52867745
256517243
22951958
92362534
355525874
29505229
488485408
198496357
485064100
622081936
554945601
54951024
30191678
19334875
239156124
2471806068
23483116
418646545
426299281
90441165
65742008
15429045
234458289
7510172
21812439
2402039389
14602924
2375954390
16092099
993964483
98741043
34677788
19593760
16656851
16164289
20279304
461331832
85850788
262957520
38256654
19446193
117513185
374027694
83646104
21136788
31283461
705288751
200206880
15163577
577450856
21126770
12803972
86088922
315904672
187937831
38582082
301484848
74252901
501119395
54064786
11344472
35772433
6264712
223906482
3248893208
29752569
574583999
249808520
106553921
19083793
20773027
425364987
297623476
606459187
94610714
1286838300
197052458
589365266
3126833282
46650151
72370276
11735652
1060852626
22182982
18640592
19345926
3127069178
30312328
19209460
20090273
342450067
30311580
28424453
193329517
113108565
15427349
16543775
115440615
552834522
112819859
67600528
3131031319
24188915
16926232
117532018
615305431
77578900
27644391
103052212
113110626
468715932
25364651
9762482
415732742
34720438
67687575
117532697
563859097
26736795
335444957
321545100
16011049
61292135
15432119
632936203
64748024
18951045
52798845
33593050
2899666541
57712688
8729092
25644870
1257669091
21241606
38681688
15076670
15661507
1433151222
321511831
1553540574
29209404
50786932
88676174
1061877517
755188010
116544702
18085094
20115787
38482730
4638661522
52167290
370965173
1329194378
1632926671
8795772
19922189
108348597
351704053
216008421
2308902414
119377275
296824622
1012121071
16626603
78665976
19455868
52141644
134198701
496078055
19554288
368995325
147645046
26000876
617751091
241231537
519682873
635515468
15006177
845568691
15610400
91202763
15276163
77615964
262697431
22982927
14332314
16032913
25352088
282729947
8861262
16952739
384837363
15794057
28937654
384509378
19729105
979110254
94164805
166176306
8861752
79266480
16439779
20259433
603039705
1180294070
36974424
373990589
151566654
18433491
22952419
23682838
402738559
17847135
18018782
59167322
27737473
209147197
493431554
394820281
167064891
25123666
16687357
20914075
106230747
101272306
241217533
2409551936
764095214
9746042
64742646
372464819
91202469
101280492
95693369
95431448
41609621
241228661
11178352
7542802
15248649
1160879815
394835326
105527919
17350589
241213814
2693642942
8754912
986857034
974151680
2325795967
169947445
208055275
20752758
6039302
45653560
363886049
40292931
20592912
19738507
461309392
67486755
492534506
448912434
580254697
919759946
67720070
21540194
19684235
838133898
77564168
17058614
203616641
542091092
331696739
47440219
15427388
78156925
15533253
747352502
39754879
31204304
39545164
64299454
185640594
69433229
1007308267
22147610
17375039
58790182
1069096818
16298634
78945826
19819747
3247687974
79186359
36967948
34374919
458113653
34482360
102677208
140853836
1671409176
394826748
22059338
89271025
13590162
191658586
132235576
268422006
102672979
1101717944
105187378
8754902
1115045234
60624220
26069630
16684965
18480451
18807864
1240033548
17393831
357644269
138077736
17238367
14278568
20459018
1158286766
240299179
16381061
1480338367
97021713
8861452
38090456
19752025
1109809777
14857525
40309270
2243215728
473352350
19033755
28611646
201420429
210862462
3428422540
2488541
2214675816
17870317
8754832
56391916
18672012
322794494
241227728
1460595434
1172808066
995338166
15161625
43032557
2349014065
140919032
274153743
15513778
488705256
241223988
375124368
42625595
624744754
105496586
237429915
104305554
150805597
15175636
28492990
168966131
37955674
36162570
23076143
40899095
48786076
1694618454
169639228
19666140
24101061
247625315
34655333
17079621
11612722
50729900
65466285
21608463
18805744
137443650
3244956253
29523826
356242849
378167619
1390119254
324943692
15050952
62907247
253312773
1670875057
61197546
106431967
20624714
29725380
66724123
27051089
462314204
11775782
95484707
185352459
561603779
18999197
435343215
462226175
20632380
35266302
20599886
143580934
421227965
462061005
211594839
36559326
151141197
45692831
66487356
391663407
258070707
38506637
14934038
231253495
37956738
29137937
20632682
103294432
1435745762
12580532
460238908
32123518
16550142
22229503
458440520
66246061
16472929
36689755
14511951
41442263
58882026
488093279
19349026
1289499836
26179262
20528760
24710700
16203508
1055639754
65686324
10910072
1311211933
981106160
78524348
24015963
423008274
63516513
127907578
15281952
17594045
115517580
105244702
15866174
40864512
76803198
3130519320
2427793422
1299570253
18242076
1321282874
822143041
14420767
483602386
19636544
70521534
36003748
109345484
20057510
3900534569
17809431
48735183
156867500
26070005
505995840
321542010
114490264
1180303182
1115114300
2165273946
5508672
378185142
104504069
36678765
18720830
2301617706
14955722
1876580928
52727059
106776691
245465467
21922584
69397283
158366063
525626080
17074295
394294850
257017947
243805570
48050142
55033850
77934202
214337290
23545862
404370365
42892765
59003455
20787622
127656904
13604262
2742551030
547132107
328253593
322841037
41454379
69028657
301040105
86790946
35131348
128883595
2533349580
19349914
175388437
494367490
114456845
12807482
23475372
19451841
345810161
236136055
40416949
312717485
273085427
14193764
2269418930
48477881
7972552
39091971
18027152
44434255
309829287
475129843
229175214
24817859
37933559
65287702
19349842
297606988
546198088
478769163
357715086
48449654
37957792
558813185
16870352
26005472
109057359
1692048050
15524670
17872391
19519945
23306489
16788948
18874087
637184541
72186333
29769106
15832179
25053299
104002962
28639935
52083750
18148466
37051661
3819701
7313362
6070762
41413147
16331010
15066271
25596437
1247001152
391481716
819800
882849601
76890626
8960722
2557521
3392401
7302282
15925848
19262500
624413
17543416
385994164
16043218
81144366
16826147
214159640
376859258
21274281
310462091
14370739
121231327
58389888
12663042
21588008
1247228114
264164599
1513355263
22385426
21877818
132279035
1247317488
1688480862
21969143
10613072
58546735
1109441546
16445311
3329216232
45711888
64288569
58525782
4855040201
2821961510
370709139
28990883
26306540
499946662
2377274767
21315772
73103059
31123165
6313192
78674598
89558668
58870935
20803734
27677289
18218604
1249297748
19031717
16024039
125422305
15587639
34957548
436884418
115466478
378239912
719046103
80951230
124546616
480912897
125383937
601334117
24713181
58544650
1596414373
117447598
2864361173
117490160
266237404
2752696471
314877608
76508902
44433231
85329284
344719254
77337860
467728572
48716479
3153282168
236909902
188481249
212350908
26126881
301547241
120028102
117491592
80333171
1249962008
98489502
2340986982
138194061
26867350
111680656
353772009
297686425
281298945
281576906
23663732
1202199205
12704612
125684465
28835000
227133998
3171060136
775938918646550528
35019946
15675316
611734890
84412649
30774215
17023645
616346759
326177441
95720152
22811513
17749447
29778623
406974565
19216918
507495968
399024035
1225937292
118512120
27041654
456030236
97717795
23632423
17129404
36948979
46375072
43330472
32069292
1429761
121533670
169154152
265777578
454850535
22220447
17685047
210679476
1650718975
30249337
467946364
42388488
605531775
1395181249
46135936
84102858
140055121
20457696
1160968735
34125658
28395172
112487649
1954490168
90976305
47427241
15163708
27058199
29283211
8942262
28837048
19671375
59150849
42935684
1470589358
336144452
2976826756
73538655
105234949
16636924
57334881
339119719
114583777
15537849
2472760855
16398730
242910659
111123725
107210395
15736836
59147935
1728918818
231883981
14935240
154167378
122310259
16861311
18137042
75277551
199252851
57656488
107207541
15822299
34641036
31492829
262412005
22541401
828747327208841216
16458383
67356193
62872266
19415444
23707740
293792211
293129700
249243484
74961830
39607917
755747971
50664589
16659634
185038486
2798773774
774342162
138565725
177318459
172784795
858283411
1027042704
301218492
19472759
31900907
286513965
298899447
84108007
27935501
50749114
237473889
17095421
83490391
63720288
263222022
22339298
128608111
127613560
758319330
18093695
102446961
351726959
23012995
1377584916
1315851828
60678378
121785094
19454716
236263968
28146868
400456060
1112736205
3290363160
730464717198786560
974261479
14327874
760750244
763767738
372395560
216796136
2593142654
39607855
2327677639
20458841
16888532
2249974361
17974880
243622838
22954663
102703446
252794721
16670675
609379481
2450071958
18773778
763795381
39778257
490832603
349627218
512242904
50314717
19541165
41417783
38739280
314032551
2348821724
770099005
155695119
57244077
762697322
755783828
17800696
794109384
2952280554
16381558
14026372
196735058
8880952
828294864
858253806
619616131
760644182
887593220
100800817
241182052
21784801
46752026
18682378
16560899
972651
364444851
18200760
2377355617
65682011
58490366
770468660
8292702
29625151
15281391
21555437
45021105
20402945
160596522
2598369368
133816716
15663103
18087829
67358777
16184358
15670006
62988756
84655479
6577642
3064617094
33584998
30414181
246844355
14194036
33384894
1223040998
4919841
87267905
1151287537
235694781
32485738
340504310
47195109
121865456
14834379
12956712
4170491
1488080706
18457416
28627312
199010159
22074820
22716962
138450130
715053342
17761344
4360794500
27984903
198348697
19350695
15828025
372467453
34752115
9893842
30896285
17827429
936277356
24755505
342865213
42961791
27759651
43127893
69108694
28156328
309287835
16555200
795254196
4766136326
46253974
240872550
14471197
87504672
599439716
62851677
25020568
19082650
479002002
185797061
69674165
12800852
18949107
2165456221
271585088
15751559
21696369
46243682
366070674
22828180
479761414
43852492
48191052
52770481
147711302
463422324
285872649
14930503
72892366
22571858
36594224
103075501
1375434439
21664546
14522447
10772102
103905894
209138950
19594500
32488550
102806255
373455322
12837932
8216772
30275911
513872614
2496996247
334982677
985723544
246147218
23274387
325781532
615380245
16960002
429502012
54330083
18648358
153474633
34531479
16519670
494380280
259405469
115174689
15948180
31908735
24223439
15690738
137445528
18652755
27018040
293616226
14522630
17141766
24292383
466170799
606702354
46177840
362564496
18666851
776323387
202321570
22489437
2982226612
73047163
215990827
103921629
21304166
1927960976
23522406
103097161
348558832
48073090
22524086
201579242
23372163
479054591
14504258
603059797
15770273
1160775750
337441236
54121550
70148142
1230956564
124502667
13100572
297656441
15691595
1115008843
2873857441
16017472
2840308857
103910758
234111183
173978800
18090164
18560313
7113852
304855409
45199165
19185158
15637134
40296036
54928770
34072567
1260248012
23835272
56826069
73301751
1289321
110848131
981387054
335617594
15476151
171282488
24289998
1408894190
1511805104
25123110
167049677
14269985
389014615
64484397
50447736
25120994
17764197
976966297
24443344
222285792
19087287
16562166
552980119
21790258
55184301
595658763
97770061
419808969
224807697
44008059
319302313
102760244
1694502194
747888432
961036903
76689268
122561327
3137399497
1098730902
355720535
3127324504
15925421
353889075
19680385
34776735
16080839
426646767
253278832
17761820
1326297104
1472882329
3165777451
151189229
17435612
2934042926
25375098
21443869
18345112
2168883326
36201747
342590917
353345474
325769705
41702929
2841386975
126068585
52449805
10433782
22399210
48422260
205379197
3952661
23222382
48791466
321602758
14148802
106152317
204581068
116567967
186603420
624844033
25184991
152060321
223772388
2332392240
87767356
40943042
20558644
25118278
41429340
28166836
163633469
8249162
393557217
48625268
56721145
33340027
130570423
242569275
46702525
124593629
68460673
46774667
1491304855
46704239
36739057
139825426
2351294292
75306293
14239496
295921548
732902312340000640
18966724
17200433
31072476
25536902
97725070
20172139
48624862
632174792
72133803
17820493
102200948
121600219
2616203114
56048497
83234555
388084044
289561465
18491147
2293569877
56831153
176509198
214333242
182527131
18865814
39565067
1120177008
42365537
23319431
13134892
72981376
22118487
21456389
26427495
27218902
462382474
55352444
61045464
59585516
131349500
285312624
19347057
19344457
27217872
357105223
16744446
44212632
1448883031
104632221
1321258892
2907044625
200211973
36105594
21246341
337748993
57466640
1229022492
562332180
40903888
15317770
168725662
23785422
236951091
316691756
26827311
42947713
19185307
73235834
169614092
2928418037
14609072
404138079
1486263372
143282576
20828218
849522080
65457088
1256204940
27102881
22953160
728645114
99814106
507746865
23570223
16211809
135638918
80747858
16532722
31414770
19343772
15971215
264356119
2546732444
102107828
16351704
80193589
48495120
71590396
179815792
62936417
188487177
16313096
109387098
2307246518
44515708
15292065
185900315
28196039
463072144
71365246
50711072
17455392
633330243
32914782
63807293
485053538
50089656
103091856
36238813
2447793618
31237182
3107934590
329663078
30012029
17566659
47383110
466068083
472472477
146137109
105311202
23102350
19172412
19185497
5513142
156383222
19185368
1490865258
48823671
52069825
19315665
2563644096
2877462928
52126257
383114423
180857239
338669725
60694159
253692401
41416662
614584781
15984596
265021324
2303885136
67457780
15536445
637388035
20562595
362119079
1208500478
23607273
14411304
26428341
57264785
550461471
50183754
110720391
29976138
2153135070
139821185
17926257
351136799
1465457538
110725202
109985001
363222587
7136152
36726529
17769598
516801690
44976030
339678947
385641462
15013220
403757520
89037284
27934849
29271212
18691248
404596070
268783113
67360631
901823270
614854580
18057936
2285868259
67347919
297462874
262790137
193343291
66010495
733761852
285047326
67367761
14708814
111678731
24776576
69212542
215029399
73249341
26532180
89289264
18687472
17369431
2696731345
56477388
67364568
16233170
18104715
82144335
15030677
1188600084
143109155
216091030
124524837
1598165124
613838639
16312441
124525847
67350803
28594289
73388665
34700777
37578208
70430533
64781137
17948831
424561177
32602636
188760481
16055731
40941232
136340465
66593062
180950380
1470767988
3285019597
556215595
28262222
19777847
1329655081
3020605048
34956062
15920055
631210105
44445991
49800751
121597316
110490947
580106273
3390157479
16257027
125988185
398150810
60757383
54634130
743506776474025984
60927740
69702585
255577048
286225494
18387935
745124494931439616
493606441
712222846211198976
111556423
115618332
3386207949
1994321
42700240
16273831
18800449
1382170926
15458694
28785486
146504742
28195764
507731256
38647512
13850422
243368411
20177097
52419540
380648579
265902729
8350912
24744541
64639742
123171317
950370805
42606652
20751449
20998647
2467791
134758540
16817883
14647570
9300262
268392524
807095
5741722
204245399
37034483
10222202
16664681
7905122
19391871
21581503
87818409
2883841
14267944
621543
717313
16683014
110396781
1178700896
1725890390
3108351
8963722
16666806
5988062
122207745
15110431
1652541
64643056
34209920
62252550
1769551
11856032
8839632
380075338
2836421
16973333
117189136
1367531
115505144
16312576
110458336
759251
30261067
15012486
621583
621573
621533
612473
36670025
16683704
426802833
833612154
51241574
4970411
16815644
